492 609 28
555 394 861
962 162 143
890 289 308
726 117 240
938 906 228
160 699 836
724 13 123
206 245 914
947 932 335
149 144 944
895 699 59
758 381 221
901 273 230
928 0 347
888 657 972
835 536 672
672 262 686
514 468 650
429 417 584
483 285 447
429 181 866
488 658 248
428 279 521
658 209 241
725 98 617
698 933 155
91 325 417
777 839 604
428 988 22
731 472 26
898 901 926
765 109 585
14 538 865
255 915 793
496 641 891
832 60 544
987 151 869
405 647 428
11 794 417
751 246 890
497 145 511
424 629 621
728 362 878
594 617 794
388 832 156
998 666 934
262 654 804
850 779 171
280 509 965
416 979 930
307 196 76
819 620 424
160 69 787
39 663 405
833 771 957
708 489 343
643 752 716
167 322 496
338 602 724
305 20 705
236 46 901
32 865 242
456 26 311
244 783 693
369 337 184
46 46 674
389 409 146
106 576 468
322 915 790
47 221 810
471 176 575
93 926 161
54 384 905
84 347 690
777 435 28
962 200 74
356 308 202
502 415 779
970 456 695
761 222 635
291 694 530
867 506 458
747 279 561
653 363 627
344 859 782
91 822 982
884 897 292
87 400 426
866 91 882
281 852 105
916 863 518
448 450 743
625 198 23
187 851 105
533 915 965
316 7 507
19 891 406
311 698 806
456 565 897
58 847 470
163 483 53
401 650 503
863 276 420
606 182 990
711 716 906
677 751 633
186 770 244
592 800 942
118 975 228
735 34 76
206 916 278
259 37 929
481 900 924
901 507 108
892 220 543
519 616 14
153 521 504
116 114 24
60 951 1
288 687 35
83 612 951
361 871 988
291 72 609
217 973 117
44 585 56
306 105 392
320 258 913
824 94 747
568 154 699
569 161 106
323 244 718
994 605 309
983 616 381
312 552 355
149 596 659
205 902 765
597 941 742
231 486 836
978 55 990
678 343 152
784 666 115
222 661 721
531 365 57
912 677 609
986 826 924
646 751 546
412 68 488
874 299 693
711 278 748
422 675 92
293 179 478
409 401 140
849 651 505
906 564 184
235 270 729
160 917 481
706 49 550
913 642 849
608 355 847
76 777 242
887 71 422
366 199 542
506 49 195
13 674 478
915 909 749
645 788 386
128 495 154
397 410 797
965 737 871
813 813 368
775 701 439
916 786 358
178 294 126
373 26 801
571 941 430
321 587 220
426 434 715
299 831 844
815 798 582
687 331 116
56 825 536
215 742 324
573 921 618
699 14 363
220 585 305
651 625 611
590 770 47
25 71 597
870 886 396
172 294 447
288 350 273
825 284 735
868 576 376
487 277 390
850 216 695
874 867 40
486 458 811
533 203 601
132 74 207
247 964 501
413 972 571
406 798 855
142 386 433
237 592 429
627 162 645
323 37 233
364 523 410
894 776 613
496 627 406
703 593 372
206 726 345
496 133 862
352 993 249
504 231 560
652 577 722
18 620 759
969 703 2
380 598 497
713 813 843
838 517 438
929 442 165
993 938 17
575 11 11
543 234 960
104 887 538
826 905 877
305 875 581
308 974 180
524 407 993
369 965 231
526 895 673
410 890 332
427 466 62
157 11 296
836 115 184
94 661 808
972 966 403
554 993 379
735 519 505
448 607 471
679 134 87
73 263 977
124 690 163
186 566 892
482 403 727
386 497 389
195 470 75
599 744 70
697 199 308
921 647 915
113 47 768
200 838 32
896 681 441
778 867 726
672 69 130
119 455 346
508 370 536
302 688 281
372 386 480
399 27 846
315 140 612
802 59 170
553 955 851
713 735 719
440 127 789
289 246 963
636 473 334
891 775 23
173 867 128
372 267 874
937 302 15
551 823 75
440 378 749
293 92 204
731 533 50
521 822 15
205 178 488
258 70 983
282 961 570
129 53 556
4 991 858
738 262 683
532 702 780
282 714 591
206 447 843
256 687 386
272 892 564
479 152 354
182 153 35
752 1 89
310 6 81
887 744 62
290 995 483
71 278 199
663 203 646
507 460 53
893 451 946
178 649 817
532 551 970
567 304 971
375 333 696
175 940 160
237 231 156
721 303 154
639 685 357
5 911 536
58 525 706
5 703 76
541 954 627
231 241 931
204 336 984
619 511 925
780 749 157
655 190 179
809 548 583
886 553 496
142 611 740
849 336 163
925 877 836
553 110 78
204 33 414
189 652 645
833 152 114
710 527 304
889 56 852
193 942 125
408 86 736
149 654 791
312 580 670
149 852 780
945 57 532
80 965 903
725 799 775
839 510 303
862 120 359
434 313 303
559 721 108
15 589 762
807 901 62
478 769 914
977 434 690
229 514 656
133 958 176
908 798 405
212 380 244
291 814 276
313 93 716
421 109 306
902 635 926
964 114 415
598 810 850
289 40 365
665 891 325
841 801 842
965 732 224
211 742 39
487 56 133
205 477 960
230 99 596
876 64 429
292 662 958
143 952 717
228 618 609
553 179 130
115 145 582
339 75 325
98 282 382
231 206 578
910 436 678
507 313 461
655 325 843
614 468 515
332 696 852
941 968 32
791 85 895
374 424 690
699 522 972
800 472 179
99 102 334
777 609 367
957 983 692
801 598 879
317 930 577
170 592 546
920 103 350
817 477 494
227 895 17
200 416 209
98 515 311
151 12 640
237 969 624
929 491 942
810 808 592
107 698 185
372 619 288
723 156 484
218 383 100
953 302 516
881 400 32
912 271 44
272 508 732
615 158 224
558 687 752
152 794 451
56 885 789
64 328 946
548 265 49
648 220 352
165 820 471
915 733 461
678 724 970
412 341 129
355 618 535
108 770 330
559 546 934
350 610 264
16 159 529
783 527 468
854 411 9
327 47 742
507 725 187
478 856 528
326 213 147
861 321 637
910 600 184
846 669 794
829 685 672
78 188 918
266 44 50
275 90 97
736 597 822
923 795 680
452 122 893
319 703 933
956 333 534
859 898 204
654 728 608
46 526 797
965 792 841
16 68 650
831 804 248
654 729 44
54 900 885
666 220 308
601 177 641
136 37 541
60 410 988
668 176 515
185 860 308
745 595 376
396 427 182
645 800 630
408 855 531
13 522 752
321 124 648
963 979 405
505 40 534
213 427 710
729 613 571
38 359 167
134 475 594
35 839 115
665 248 970
915 262 212
668 302 337
37 266 317
442 490 76
976 704 503
407 153 117
978 191 196
865 44 671
179 79 511
294 463 478
265 380 459
478 767 762
534 804 29
570 965 239
646 662 662
868 70 815
705 767 725
901 633 770
292 813 568
522 826 33
1 811 132
461 9 899
224 262 424
971 832 390
929 198 53
592 785 123
408 491 891
135 393 244
905 404 776
193 926 604
944 928 135
77 109 144
696 52 406
121 742 957
230 673 156
284 266 941
126 675 153
736 529 546
981 154 670
477 347 597
82 293 245
217 370 73
80 785 125
486 906 868
444 138 542
319 141 527
980 985 203
134 723 732
399 424 886
70 901 953
387 703 247
351 920 336
425 2 123
269 207 30
856 371 886
118 690 746
646 671 452
568 805 176
21 924 319
626 994 939
580 101 643
827 453 284
165 597 5
7 866 212
755 443 583
643 561 993
109 926 384
561 215 191
456 236 834
494 862 829
435 163 931
79 709 104
82 593 701
87 600 287
19 357 730
321 719 12
34 547 657
419 110 872
329 285 827
164 780 410
712 216 573
644 14 283
467 97 596
169 902 197
176 640 273
625 962 992
356 996 541
15 135 370
606 464 655
435 628 436
845 342 371
138 705 105
140 892 920
736 780 823
934 956 184
926 583 865
920 658 581
181 673 717
551 281 182
207 435 530
363 281 591
453 419 297
558 559 190
198 16 971
741 669 647
925 596 949
791 517 609
373 698 2
91 968 2
992 895 437
242 977 437
833 431 575
131 709 854
41 907 870
731 649 540
98 294 137
49 86 374
658 179 791
379 988 761
382 981 376
819 224 354
258 776 785
833 908 214
688 668 841
278 119 210
818 217 505
675 266 591
50 643 489
560 24 479
322 406 180
417 944 124
771 921 900
277 756 528
491 164 915
52 443 35
263 980 253
768 656 238
79 425 601
569 986 344
767 28 750
947 446 414
790 936 337
692 214 812
939 425 976
856 477 139
610 740 839
863 228 215
821 308 641
423 596 347
767 364 94
237 31 540
651 822 478
707 234 411
520 892 836
498 749 34
356 361 493
196 943 722
412 484 749
772 907 346
120 394 429
214 631 460
474 3 2
671 710 954
83 232 848
639 449 317
392 524 397
604 721 61
327 852 545
795 625 454
860 464 567
290 397 918
470 871 640
472 262 351
147 65 302
995 423 470
313 815 995
430 420 436
491 467 289
37 263 633
210 125 98
778 134 214
697 604 87
338 796 349
408 943 133
430 939 556
900 971 91
896 402 512
52 893 698
341 650 680
974 860 524
791 639 659
7 56 982
812 113 779
880 241 723
15 671 382
571 291 74
663 907 195
894 959 808
312 302 459
992 995 320
518 507 679
896 514 454
879 46 287
660 926 528
103 941 918
205 233 210
997 615 836
193 229 797
2 541 818
461 534 814
501 771 41
181 668 555
354 268 601
641 647 248
888 750 908
807 674 142
737 391 476
574 585 705
91 306 965
909 768 220
444 988 991
485 888 380
42 243 648
362 604 296
329 493 765
239 21 160
100 477 551
577 770 137
2 862 444
687 772 931
907 217 639
899 703 528
280 464 490
647 545 95
943 875 308
710 115 48
870 215 244
422 511 15
279 233 877
442 920 651
93 828 587
732 447 10
261 447 474
470 95 21
285 758 615
593 469 730
360 59 664
604 200 895
619 198 129
217 640 768
587 733 597
175 185 763
186 165 211
379 636 26
119 921 784
734 234 972
184 594 32
849 917 950
745 256 150
593 473 509
362 779 244
678 674 429
442 860 314
373 958 950
399 79 872
184 532 107
875 717 420
907 286 57
577 750 313
727 344 506
238 425 286
201 822 960
349 265 540
663 357 500
333 756 298
206 659 549
32 535 267
171 162 553
228 459 23
542 187 367
49 144 511
54 64 334
16 133 319
275 515 676
775 849 153
792 56 531
343 807 786
329 978 948
602 208 408
625 750 315
712 518 178
224 572 961
278 307 95
597 583 610
992 78 460
864 590 236
397 933 44
184 981 23
851 303 231
979 929 700
14 361 937
910 304 511
872 582 537
686 898 121
298 611 200
477 476 790
713 592 443
757 776 144
500 348 448
450 47 97
152 779 458
90 690 762
320 283 346
858 969 963
698 986 575
617 465 53
127 897 645
570 375 142
434 875 209
882 326 974
979 197 754
157 7 164
919 327 447
984 904 137
949 604 124
244 940 308
297 69 207
662 358 582
523 792 458
732 394 503
707 93 701
181 250 708
345 171 754
512 874 379
649 824 702
492 70 643
801 86 712
9 467 72
591 990 583
768 442 978
990 150 72
692 50 42
120 115 213
594 627 806
973 995 632
676 488 421
39 9 226
752 736 694
543 47 685
127 815 129
824 807 997
616 219 767
658 59 882
590 653 510
397 346 225
748 741 432
888 780 442
116 533 897
810 795 945
215 642 480
63 467 7
780 802 227
548 461 5
431 770 377
660 887 723
604 636 465
37 245 964
198 361 218
97 890 14
43 824 656
523 888 125
250 388 646
477 936 109
201 87 598
578 466 486
21 789 842
205 826 806
170 744 168
388 560 777
403 603 321
778 845 928
622 96 317
270 292 972
98 212 778
696 790 245
902 811 35
464 17 581
271 188 45
158 295 605
654 417 927
975 197 492
905 819 308
941 90 600
915 188 813
694 604 323
659 226 136
413 690 871
713 680 778
758 557 75
364 212 492
292 906 408
504 812 229
812 755 319
132 390 227
664 85 831
988 744 58
843 877 467
434 591 148
214 351 705
8 434 636
219 446 543
628 950 76
576 763 550
895 895 940
841 561 26
673 269 490
450 113 368
917 266 678
784 480 30
209 207 465
845 427 911
109 774 581
185 351 345
735 965 959
676 808 521
421 201 509
630 652 622
717 289 889
397 793 89
146 3 16
330 568 443
242 396 936
542 581 7
887 36 972
848 712 500
89 852 702
599 203 74
940 920 82
549 37 875
358 184 598
374 514 885
536 476 282
192 19 863
199 907 899
172 475 331
673 283 902
95 601 106
169 543 28
251 811 65
846 888 967
164 263 483
50 518 959
51 710 697
633 909 324
252 801 799
583 475 802
205 289 404
312 177 666
59 147 479
124 993 87
811 876 351
295 645 869
973 696 581
671 330 210
996 582 12
515 884 206
318 91 495
442 403 672
109 462 820
307 305 533
395 117 411
465 131 57
54 105 473
354 496 803
565 212 106
296 727 990
503 765 800
717 926 922
110 36 104
930 63 410
183 177 246
313 642 97
90 415 920
563 770 417
367 336 629
192 632 77
184 854 842
984 573 769
627 683 524
731 333 306
860 235 483
826 549 844
923 639 261
844 921 750
981 8 805
611 201 438
688 104 13
250 89 586
738 435 988
982 168 41
289 29 276
492 855 544
56 779 902
36 344 824
786 326 833
592 656 753
750 65 857
763 34 665
69 492 102
58 475 270
817 483 299
812 975 874
358 751 373
979 787 436
524 575 762
77 168 139
830 637 204
688 401 956
354 470 449
175 247 924
445 783 409
464 597 104
58 674 855
431 654 363
868 179 938
350 256 825
489 805 464
412 494 584
89 568 56
538 743 22
183 908 806
311 92 123
415 150 797
990 581 171
354 169 351
12 520 326
837 728 133
21 860 346
606 949 633
381 488 97
403 671 6
928 982 98
52 118 248
568 827 548
740 182 718
810 912 239
137 469 967
988 491 547
55 816 497
688 198 986
504 320 377
510 968 80
327 739 916
294 309 744
843 50 645
562 579 558
520 716 746
207 425 238
755 480 55
253 887 971
958 393 12
56 622 980
136 669 720
771 963 748
516 526 798
880 807 97
439 47 814
904 255 958
144 729 158
917 701 46
609 380 158
621 436 500
602 291 170
323 63 852
73 298 99
590 179 906
688 337 673
222 242 928
899 105 377
58 24 79
104 633 178
981 255 614
201 576 624
90 899 687
942 691 704
760 2 883
668 409 939
342 350 183
989 250 288
86 308 31
883 131 383
63 831 638
396 33 933
22 123 553
428 785 245
134 546 965
736 215 94
677 276 444
860 984 694
867 789 721
899 674 853
283 456 404
641 571 438
575 593 561
129 741 347
94 875 613
778 331 547
873 9 824
318 588 528
732 457 38
173 76 431
745 359 887
151 719 459
589 296 772
869 144 514
936 238 109
550 18 159
98 891 169
641 928 757
889 380 933
927 554 10
78 300 89
684 451 808
862 759 823
635 630 968
868 286 925
696 836 662
856 653 273
744 296 203
502 904 302
156 832 856
166 629 876
255 314 328
783 177 807
607 532 157
295 401 443
940 817 998
603 674 652
877 419 948
799 640 572
102 796 405
678 682 35
555 656 68
602 440 246
410 767 778
567 781 898
11 722 716
728 327 110
382 205 529
50 5 889
623 107 405
747 504 88
502 60 745
570 663 904
816 74 672
314 361 455
214 91 178
930 820 224
42 203 429
290 971 153
180 595 979
586 63 484
393 565 545
139 136 209
763 672 2
436 986 82
610 201 174
508 851 994
732 612 916
881 902 888
35 802 204
15 108 267
219 501 832
764 360 687
692 124 79
413 279 67
496 609 986
389 836 557
384 569 170
20 170 74
627 206 876
831 939 984
817 159 205
369 642 565
58 335 408
855 468 407
922 964 17
629 73 572
187 457 142
358 196 313
151 823 238
746 375 896
731 911 57
655 282 418
940 59 473
68 914 941
475 557 625
211 187 698
783 93 874
645 451 71
677 321 613
634 68 707
531 518 620
307 175 621
726 116 680
200 902 595
860 379 153
486 309 59
185 812 153
778 458 323
568 854 645
900 489 713
609 21 951
948 48 127
570 774 961
969 693 864
565 554 962
438 41 991
497 944 804
369 723 263
693 292 836
58 193 326
490 521 66
442 189 114
288 759 607
968 729 301
834 15 855
516 453 896
508 669 560
313 40 284
295 452 295
132 229 208
177 719 448
244 881 638
77 170 117
685 140 566
986 693 581
843 210 753
459 438 142
21 470 900
305 766 353
320 617 301
247 795 22
695 758 903
334 835 792
171 521 932
737 509 345
319 353 275
791 812 713
933 552 184
554 577 669
626 897 7
928 145 802
950 559 280
573 894 116
85 66 638
19 522 866
83 841 938
358 352 470
72 5 24
975 559 601
364 187 218
371 116 363
892 785 922
891 78 536
9 163 321
366 900 843
233 984 404
172 343 756
361 135 481
385 829 41
705 194 946
923 285 63
6 896 567
648 789 364
185 517 528
226 883 148
788 835 133
912 726 196
669 88 331
869 193 879
911 898 792
858 823 78
641 829 694
209 478 203
293 383 720
821 328 323
969 117 877
822 30 604
19 419 411
69 289 604
948 919 223
741 779 47
539 140 595
234 68 793
156 361 895
595 183 224
918 872 60
796 695 809
120 433 947
250 502 237
855 451 876
79 193 656
844 732 515
159 685 583
952 841 945
567 437 847
791 75 720
571 590 135
381 429 568
329 680 789
285 255 241
162 53 154
537 897 886
53 775 292
637 729 134
302 16 291
150 808 85
590 380 395
725 480 824
14 809 224
522 813 479
764 976 532
918 233 430
524 6 925
816 362 374
670 664 390
680 533 199
484 124 298
879 569 778
424 302 307
648 824 840
129 589 536
661 227 769
811 471 494
737 7 856
112 396 521
502 77 774
421 281 898
438 161 468
936 304 770
244 953 596
803 801 904
340 463 851
829 993 323
324 450 330
182 562 727
422 784 523
197 924 804
97 363 685
284 300 989
774 264 662
90 68 464
994 409 647
846 957 641
888 282 93
220 464 374
947 606 877
190 803 802
995 619 167
400 904 467
109 398 450
772 488 519
955 483 647
603 50 605
964 938 887
776 877 72
151 544 678
748 735 201
551 450 540
437 850 445
624 959 562
75 451 51
313 408 253
960 12 303
285 976 961
892 472 839
964 624 385
362 92 839
282 643 290
822 800 859
986 425 819
549 219 990
600 533 399
854 494 130
876 499 826
557 392 299
117 357 642
221 438 734
61 720 98
70 544 898
929 531 43
468 800 262
459 401 795
577 974 10
708 571 509
535 129 901
834 246 977
197 186 135
931 247 574
30 317 119
647 965 370
409 435 171
672 613 291
187 192 267
197 900 838
425 155 686
46 708 652
742 905 838
877 838 805
453 587 841
291 954 808
380 364 962
551 755 576
843 943 487
829 141 107
387 286 262
792 332 971
445 76 877
285 953 435
809 126 742
651 418 416
460 798 780
142 70 537
438 632 481
925 181 341
34 568 627
296 361 679
986 526 755
584 530 428
738 340 555
481 991 692
897 172 210
398 314 998
654 752 631
854 679 812
196 432 100
543 447 181
941 435 707
697 738 238
844 477 578
119 678 289
811 295 461
741 412 495
740 67 966
92 921 365
623 837 797
724 100 246
624 42 400
332 458 857
289 303 54
586 423 451
875 953 466
57 695 878
552 437 665
238 248 587
604 871 144
121 596 962
367 939 5
486 272 463
63 280 486
118 866 909
569 462 863
754 519 560
634 790 716
300 29 964
606 352 836
470 474 153
433 560 811
439 48 85
621 829 84
108 947 951
736 237 133
601 991 652
880 345 162
316 645 909
0 971 263
555 442 737
427 875 17
240 315 65
44 656 614
128 764 562
798 502 518
931 822 511
303 422 575
465 738 222
95 738 194
358 294 355
814 722 231
831 681 266
616 725 922
231 853 406
512 653 627
32 304 450
262 608 872
837 792 611
778 606 69
691 964 83
47 498 524
279 50 206
264 666 931
187 616 504
593 129 876
940 879 182
391 860 509
983 699 21
314 197 628
384 889 312
186 936 530
710 934 580
916 199 965
567 105 582
72 418 430
949 359 311
850 469 172
360 453 590
100 768 788
447 153 678
760 58 334
291 768 270
590 404 188
556 971 294
139 762 431
569 712 790
599 563 260
491 642 714
82 462 483
870 909 355
268 389 413
603 680 900
592 989 305
499 546 995
793 404 758
225 693 191
734 293 473
995 784 117
429 586 298
631 176 208
705 445 598
837 767 997
738 79 988
44 578 254
758 373 659
517 317 353
708 771 365
901 486 869
737 915 456
36 266 632
244 971 796
561 809 283
560 267 362
268 30 941
522 788 34
182 25 351
254 453 841
620 355 328
490 93 962
946 129 229
298 92 919
814 654 448
98 933 715
461 920 464
122 443 253
156 345 279
226 599 451
69 220 806
397 710 899
361 376 747
309 394 558
230 209 213
678 26 865
114 206 786
578 328 949
551 484 295
549 711 894
1 499 116
807 896 545
426 976 922
892 287 317
451 517 245
384 914 271
968 747 197
756 327 525
706 878 729
720 428 160
615 148 659
450 674 275
996 819 253
638 712 540
955 882 776
919 267 691
909 955 440
107 712 486
352 138 84
82 577 231
960 193 379
339 644 54
614 360 873
586 998 305
127 673 188
622 593 175
34 503 131
193 611 562
679 963 419
763 764 996
994 444 190
93 783 553
147 117 913
739 704 631
45 550 305
233 174 898
127 208 122
258 401 733
539 799 416
958 282 899
955 995 344
865 89 846
138 954 963
771 694 387
403 739 938
428 691 831
327 819 40
449 78 160
901 618 678
37 296 960
936 971 956
0 837 46
846 694 719
530 466 414
917 589 154
856 18 845
688 64 384
447 233 463
326 853 800
5 891 815
965 547 787
922 548 344
687 114 40
407 644 225
540 563 533
694 139 551
260 828 616
644 994 568
826 322 422
346 327 314
163 294 581
669 935 848
15 343 962
773 469 327
717 11 609
252 424 748
522 403 296
139 49 292
426 594 614
849 660 660
882 823 954
464 212 610
313 945 953
277 719 423
323 157 434
932 409 578
681 931 981
978 790 749
989 217 345
604 67 724
265 950 267
939 134 479
550 448 426
504 444 864
646 767 22
800 419 431
379 101 83
361 798 873
830 788 809
894 112 877
619 97 547
886 37 400
366 306 848
792 810 12
377 176 498
399 976 917
831 356 20
914 437 818
507 268 327
317 163 439
913 782 536
461 388 292
581 754 598
430 267 128
443 644 305
941 44 282
579 594 639
599 228 795
137 735 64
464 54 945
623 967 447
160 149 835
172 730 590
770 879 576
899 42 221
205 703 984
206 283 579
564 882 808
360 738 263
143 922 317
89 546 286
255 425 154
91 597 884
401 88 483
977 987 526
918 911 230
622 118 513
920 683 115
448 44 853
712 906 776
30 714 42
35 970 187
189 62 784
792 182 872
277 879 579
803 798 491
752 140 329
266 61 13
100 510 775
953 223 682
450 253 398
211 8 369
398 915 150
902 709 333
494 705 213
75 228 730
285 980 870
614 965 931
627 66 442
123 738 384
805 907 357
922 838 365
11 237 281
162 140 709
214 635 134
146 429 81
876 714 62
466 330 746
117 676 812
279 799 271
663 325 179
21 248 18
105 978 974
106 141 833
815 74 188
669 220 617
750 815 52
532 1 382
279 118 777
93 397 297
83 780 622
262 801 589
0 907 568
974 14 428
527 548 221
716 936 441
334 688 975
386 939 695
487 219 814
984 31 930
282 114 711
623 96 233
931 96 859
220 789 592
648 317 859
589 34 797
749 88 205
726 474 145
141 681 364
955 666 115
606 948 229
37 291 325
988 223 421
848 162 929
160 530 966
21 120 1
537 869 807
742 315 283
887 457 683
970 132 350
86 738 18
35 495 28
360 484 251
501 53 414
431 213 663
398 952 783
119 490 653
926 233 969
928 839 427
331 530 559
681 335 18
418 370 513
446 731 716
417 951 488
550 102 421
214 220 374
716 339 584
370 984 536
340 633 377
486 964 626
765 366 961
783 503 52
16 669 502
451 805 454
940 75 556
362 289 776
455 724 834
40 95 820
577 155 173
673 641 856
300 126 223
980 909 446
33 644 116
535 97 921
708 38 996
266 119 5
43 574 729
878 615 543
418 911 698
310 585 60
167 604 186
110 304 815
556 57 460
391 311 557
313 21 314
29 287 433
752 49 727
201 646 343
463 65 973
163 94 559
941 262 882
846 372 187
662 928 244
842 39 275
119 71 296
153 100 302
586 571 351
314 491 717
376 954 501
69 836 596
347 497 858
230 345 231
137 726 878
100 569 917
375 408 988
390 561 807
692 866 98
763 900 308
481 277 981
982 66 538
579 413 36
438 644 381
388 781 827
985 881 116
622 976 524
611 367 86
138 61 953
954 543 854
263 25 850
246 726 916
784 26 331
539 183 694
640 572 195
468 277 795
584 900 772
110 231 141
914 370 920
587 44 183
161 308 926
731 273 653
367 776 679
698 316 863
112 956 155
307 144 432
104 729 52
595 558 284
455 192 373
95 780 417
278 941 444
205 673 436
578 42 213
976 459 249
559 291 206
714 317 351
866 140 799
637 736 77
921 910 269
14 7 50
432 285 711
595 210 104
33 507 864
246 484 44
214 45 335
421 478 652
491 64 793
10 702 249
87 343 160
356 358 885
126 509 890
837 105 101
660 138 608
526 104 811
570 318 856
624 458 55
277 668 119
789 397 821
757 203 166
918 560 243
804 405 752
414 961 857
515 622 715
842 149 538
374 438 575
949 63 35
5 60 422
843 568 539
384 327 742
269 964 22
512 488 427
265 903 389
842 138 731
558 700 599
97 75 39
672 25 820
426 749 599
568 593 169
108 977 496
569 248 180
592 479 668
20 745 291
129 588 430
860 865 131
179 962 206
936 354 949
758 500 699
358 69 293
527 895 272
742 465 239
922 58 718
311 797 183
602 645 490
33 506 356
882 404 38
89 342 112
40 101 612
739 178 400
752 425 296
743 168 480
982 810 539
420 840 56
323 443 701
813 196 926
889 79 331
927 887 673
758 646 493
371 105 672
771 857 816
786 601 703
268 303 233
526 443 74
301 766 237
3 299 433
648 189 231
698 836 837
373 595 484
585 686 590
976 177 448
793 683 769
498 951 73
450 197 516
525 217 2
762 938 302
914 587 491
146 286 47
703 378 362
188 683 49
778 660 226
946 174 909
716 391 580
508 841 496
744 86 713
746 848 371
767 763 958
978 629 964
26 333 62
388 240 745
156 738 126
383 685 19
12 121 129
312 629 970
527 93 776
242 840 625
332 608 109
292 587 457
975 333 509
38 721 749
503 878 207
348 980 892
367 711 732
215 24 82
904 552 175
681 513 16
308 845 344
136 856 650
593 551 983
821 309 425
290 531 23
498 879 4
110 965 434
843 181 178
925 86 730
101 768 962
836 795 527
899 931 104
550 244 655
254 784 964
679 75 496
702 573 95
425 684 61
578 247 960
756 173 766
206 992 254
169 829 50
416 729 700
520 0 663
894 254 448
579 933 242
794 355 816
890 499 220
670 78 186
351 835 359
118 42 352
372 930 901
141 66 631
560 305 350
942 200 604
391 498 538
633 294 612
169 903 112
108 574 909
294 925 464
372 762 225
725 853 874
346 713 940
696 274 246
48 217 166
652 327 664
910 680 958
523 568 862
355 677 157
983 690 801
448 64 284
673 508 138
549 573 852
209 270 845
456 318 782
341 690 110
724 601 509
684 843 79
266 917 475
142 901 884
663 69 667
947 743 176
804 12 468
657 221 739
223 396 776
724 456 467
834 182 787
64 585 351
143 570 269
337 432 890
222 96 959
890 44 422
785 848 153
255 226 94
713 168 209
490 892 666
958 446 848
465 510 153
816 372 723
87 709 156
696 651 252
656 542 15
798 47 583
951 302 809
764 16 696
974 226 589
360 185 36
927 650 266
81 187 638
523 274 68
680 689 719
651 65 262
386 863 28
969 535 50
498 19 66
195 993 11
503 354 196
539 282 566
805 82 753
164 606 746
232 287 436
951 657 220
932 762 85
960 732 339
11 949 358
796 145 72
807 367 426
723 907 428
9 432 510
481 596 117
946 547 123
102 499 500
322 432 263
126 113 715
465 842 665
543 358 530
615 167 897
760 609 805
189 618 957
419 818 273
536 765 821
379 867 321
879 190 473
143 317 305
858 501 148
244 763 507
774 379 393
672 141 3
198 49 340
156 187 877
148 724 643
969 822 230
11 421 139
203 283 175
508 861 677
375 106 441
882 880 540
994 553 400
997 470 168
57 345 356
934 494 799
297 183 622
527 912 44
386 116 327
561 343 189
957 719 14
119 321 894
659 317 168
778 34 638
946 92 703
22 745 198
821 762 100
163 9 14
925 395 848
972 957 911
880 634 350
895 753 671
790 132 707
677 629 742
36 577 553
739 318 18
656 141 780
756 23 790
489 668 904
58 641 862
688 522 217
39 418 970
429 928 822
138 606 452
599 361 748
871 101 68
889 757 927
390 234 950
181 442 619
86 500 979
668 189 503
885 946 640
575 377 569
117 515 895
570 833 257
319 705 78
387 595 835
34 985 788
704 885 232
324 691 451
24 79 641
527 964 307
886 259 684
457 377 918
72 666 752
48 985 458
126 93 55
681 845 759
470 550 646
702 594 338
155 618 417
515 864 101
822 751 79
227 927 175
146 0 841
899 767 547
358 893 359
413 575 205
892 47 756
539 468 351
596 342 969
732 857 553
552 400 305
631 627 234
807 492 952
368 392 720
915 751 615
275 883 909
481 776 675
238 35 145
308 631 487
996 83 65
550 635 184
855 986 530
808 794 23
762 881 416
202 798 886
536 792 770
447 274 267
123 231 302
986 539 653
475 255 736
259 805 92
443 381 79
692 190 873
715 671 474
850 874 273
737 130 67
509 577 60
495 420 292
797 407 550
170 601 525
907 579 331
0 23 431
79 434 622
671 151 13
146 2 606
139 740 737
924 968 315
984 464 454
995 980 581
266 152 183
791 778 482
841 778 505
274 576 659
615 966 810
628 831 531
236 970 990
692 614 959
726 600 143
182 596 843
763 862 995
665 654 774
148 497 272
373 490 567
33 106 534
562 734 85
94 689 775
804 382 390
483 110 990
627 11 307
471 493 888
186 159 544
960 27 760
951 119 969
519 870 76
772 433 529
576 246 938
352 51 321
743 254 150
453 600 879
760 790 373
369 976 252
632 656 279
393 608 117
82 846 987
158 338 140
406 914 386
345 268 157
386 730 411
255 902 12
136 383 521
509 752 498
761 385 873
759 497 482
876 579 48
583 456 386
723 862 20
111 209 7
986 314 456
117 569 360
847 705 462
369 934 215
586 696 319
460 176 816
661 771 115
709 356 571
814 798 153
834 628 81
561 615 395
18 451 965
97 299 671
559 387 606
774 973 23
812 434 917
629 96 689
463 805 764
753 339 283
907 893 911
988 455 247
385 473 698
351 571 998
741 849 105
68 625 80
91 157 514
727 787 611
136 969 136
901 724 195
903 351 89
815 340 544
63 444 736
762 514 27
480 257 877
585 325 222
384 135 379
899 862 885
230 717 856
85 619 300
280 242 651
369 59 710
632 122 156
370 603 389
397 802 646
993 108 690
216 492 544
596 111 126
482 60 844
58 146 183
358 145 426
10 234 204
440 866 326
315 955 649
704 73 171
71 67 279
480 284 772
26 599 602
870 82 663
434 141 528
618 218 673
763 947 907
967 388 494
13 703 450
381 127 242
553 198 310
832 679 594
324 424 194
927 14 994
310 449 854
838 68 74
231 550 740
140 518 847
353 250 551
522 632 397
765 186 596
76 737 994
389 63 419
302 709 433
297 738 882
871 577 669
664 808 938
405 667 457
253 21 427
523 263 60
920 29 964
236 105 702
231 494 484
369 515 912
522 812 651
124 403 947
513 68 476
452 192 862
629 164 603
57 687 866
835 328 895
800 283 1
222 234 214
426 603 729
339 844 261
710 969 384
377 483 452
853 654 364
717 284 528
321 60 935
188 895 264
802 415 266
803 357 500
736 783 105
185 841 668
165 271 638
549 649 840
3 222 496
86 658 499
614 698 560
550 886 175
533 689 310
800 212 386
301 667 170
125 852 730
794 19 721
152 568 90
993 290 312
209 376 971
708 710 670
987 261 277
882 514 685
193 315 617
579 335 285
468 461 857
917 974 876
639 127 164
729 839 174
761 49 269
452 758 979
841 746 960
119 348 475
524 541 509
860 839 844
146 27 25
722 945 0
599 304 846
483 753 686
657 515 736
926 686 214
626 528 679
587 367 29
781 891 570
291 752 130
854 617 157
880 341 821
599 659 127
446 143 880
134 519 115
589 166 520
803 792 49
483 99 416
512 599 27
802 890 779
932 745 117
90 345 458
912 945 836
758 111 699
358 963 219
192 553 104
712 76 615
761 560 714
897 791 314
924 594 923
424 246 389
541 56 734
718 687 399
555 446 230
255 523 194
194 715 748
298 428 824
633 908 104
348 806 896
382 732 210
306 157 176
414 417 232
150 136 919
268 410 85
498 385 608
412 298 43
161 315 190
704 948 99
528 298 625
144 399 358
354 705 234
530 839 651
481 989 506
401 976 916
205 195 21
532 607 319
575 487 635
765 910 584
865 439 601
491 302 1
568 376 426
521 625 266
173 108 974
398 228 951
34 434 865
56 966 473
375 543 960
729 28 591
315 893 749
916 104 53
637 391 429
64 912 55
330 804 163
305 203 392
975 956 545
842 13 231
316 107 493
996 837 522
588 871 135
338 507 240
110 145 631
539 209 264
595 539 69
477 563 991
869 540 948
134 383 961
366 418 787
859 415 344
382 722 216
518 780 443
477 890 588
827 431 517
92 745 775
880 223 340
872 812 880
821 946 982
502 32 401
9 611 536
354 993 977
289 231 758
732 427 369
41 974 519
558 67 265
334 666 207
674 539 20
274 80 686
257 582 718
378 592 49
914 665 44
892 954 993
371 688 141
740 448 116
260 7 901
244 341 569
451 17 109
472 10 908
877 268 491
315 646 802
365 280 468
128 173 143
840 263 550
981 4 998
98 982 6
1 227 66
289 679 83
117 870 812
26 748 81
237 782 446
40 148 726
228 994 618
90 836 601
640 818 605
639 917 589
364 637 535
430 926 215
233 44 804
46 789 272
845 27 56
292 785 922
737 14 918
75 822 474
676 463 293
2 821 929
310 904 567
845 336 213
780 288 976
585 334 766
858 180 512
633 191 298
556 647 32
194 722 854
668 119 319
681 121 859
611 431 765
898 277 820
830 776 109
807 363 443
293 940 342
805 574 252
105 849 899
137 763 341
710 432 460
748 114 300
609 445 731
94 344 728
914 175 505
24 702 587
186 995 247
247 521 821
499 626 391
118 482 155
178 911 306
639 661 421
939 989 585
391 84 929
838 998 823
63 741 526
370 646 523
617 893 45
440 112 390
550 948 591
705 127 503
12 766 883
152 426 873
737 536 957
386 94 675
211 157 417
737 246 782
979 864 676
743 24 507
852 574 456
444 998 584
667 11 70
551 882 215
426 339 470
384 726 564
779 656 441
915 394 687
699 375 271
95 837 295
603 691 588
778 136 587
82 522 318
871 75 919
87 220 259
277 323 704
841 103 361
2 20 756
409 438 850
680 533 688
976 855 99
284 354 954
872 436 477
909 308 271
829 115 210
89 392 534
794 952 356
874 674 95
350 84 533
201 764 68
609 460 642
708 464 996
382 337 434
860 247 461
850 77 295
62 884 406
596 398 79
952 274 753
767 624 556
301 545 40
88 873 501
731 301 965
728 684 22
881 264 987
63 115 783
358 177 668
765 492 786
563 165 779
317 932 123
873 234 668
913 323 261
134 773 282
818 221 685
559 104 949
547 885 783
331 244 961
719 728 173
506 292 338
286 328 989
409 202 943
797 835 985
777 688 759
60 508 980
745 786 803
414 335 689
199 385 653
879 105 101
53 611 113
111 616 441
101 745 363
763 543 917
749 40 606
509 819 833
491 284 621
14 699 675
423 617 61
77 497 167
896 269 497
10 99 115
171 919 860
534 683 123
452 434 881
777 943 701
612 154 986
952 887 686
628 311 304
689 388 520
856 4 508
355 15 608
189 186 528
768 439 930
610 610 365
492 388 29
195 719 901
182 672 789
587 301 101
610 710 208
131 567 213
358 641 946
966 549 133
214 318 572
146 928 901
230 141 290
259 336 11
162 237 402
951 824 423
772 435 134
980 285 420
912 643 781
859 330 331
992 263 369
284 128 17
186 359 158
196 337 494
925 218 731
328 889 275
751 662 710
604 362 714
26 276 78
526 136 127
857 848 390
945 851 238
963 39 597
122 953 653
336 879 872
786 208 762
63 679 144
492 284 506
926 29 782
5 555 638
132 133 487
241 79 339
479 761 97
795 603 51
450 939 930
42 445 858
804 508 538
667 720 541
174 647 571
957 371 845
596 222 978
802 463 777
142 662 539
240 458 143
10 627 801
941 669 248
519 193 475
776 860 196
318 754 562
608 712 933
174 28 156
153 830 339
649 691 720
190 650 897
333 661 526
136 322 914
103 841 827
578 618 407
775 655 162
57 983 874
991 158 621
866 30 171
924 680 863
645 870 233
263 922 894
789 59 935
423 162 777
251 460 115
659 954 490
821 12 474
416 4 632
756 590 381
928 515 62
511 880 932
744 144 856
359 652 634
14 794 516
511 47 976
626 425 931
835 965 662
310 382 667
661 858 976
44 787 211
106 18 92
758 481 954
334 559 326
968 574 122
204 86 887
899 431 313
550 268 279
214 297 381
600 959 958
577 722 465
788 547 483
600 25 683
274 359 244
601 48 818
723 970 623
330 871 55
643 141 323
641 355 621
741 955 300
700 252 741
166 760 289
368 361 34
53 354 393
297 955 441
834 398 413
458 728 4
232 91 145
556 452 220
896 194 894
915 614 148
657 499 908
665 868 988
699 921 343
812 937 19
254 491 417
386 668 865
109 900 675
255 457 128
475 73 323
370 988 656
237 365 156
864 750 25
853 450 665
916 981 322
654 237 813
790 342 482
656 452 384
333 426 560
461 901 634
503 990 342
160 947 708
36 812 459
61 386 628
446 22 611
768 676 567
583 467 628
66 843 81
169 177 226
730 357 846
365 580 838
707 459 505
135 495 318
313 557 423
942 722 445
273 491 840
559 75 309
188 860 153
988 30 49
215 479 125
63 844 424
620 272 884
126 126 380
163 440 656
587 102 379
751 375 871
593 934 665
621 123 526
493 112 276
261 328 755
105 110 320
530 730 311
415 856 437
514 20 596
890 326 698
988 79 74
579 391 727
246 13 570
491 225 682
486 486 729
961 591 839
1 840 289
312 974 146
468 490 167
66 100 212
483 89 291
558 388 682
5 353 414
575 563 358
977 51 844
426 731 156
985 732 996
275 45 972
422 232 182
308 298 1
520 782 90
531 60 197
214 783 550
348 360 115
706 57 884
271 483 616
427 469 349
143 745 113
834 886 345
735 195 363
736 715 864
546 965 643
743 181 427
14 248 506
129 673 563
14 944 48
349 91 236
698 953 981
811 507 587
157 244 782
239 980 218
104 246 184
747 990 84
176 723 51
682 852 725
965 585 389
14 934 200
968 352 872
670 164 380
258 40 624
42 280 325
978 103 290
881 851 0
966 746 723
18 148 576
462 114 880
571 846 815
771 816 168
644 487 51
743 745 810
369 506 809
413 485 912
703 368 483
704 54 230
147 790 379
724 972 493
324 544 341
141 35 876
28 679 364
798 423 828
609 511 336
138 643 540
51 67 627
254 490 400
484 637 192
863 81 165
77 406 428
137 266 463
14 294 861
97 811 4
925 140 235
980 278 878
241 49 945
868 303 155
270 506 793
181 90 874
65 167 0
493 23 266
675 755 280
537 852 92
541 497 233
776 198 230
375 439 279
40 27 301
196 16 808
989 915 898
583 980 784
584 193 807
850 868 282
131 125 135
942 386 351
176 163 268
125 257 426
124 298 173
425 494 189
952 484 824
570 68 524
355 371 718
881 223 306
164 73 151
18 16 537
370 910 419
357 37 677
784 161 975
957 305 470
865 259 673
690 829 460
934 186 832
372 786 56
678 951 847
548 969 864
86 59 775
506 417 531
184 202 692
878 878 998
349 744 976
23 155 806
202 808 711
35 181 499
809 578 451
658 128 421
242 214 200
736 439 617
269 623 538
680 502 417
679 570 880
375 312 754
183 515 563
894 269 744
394 80 324
564 457 171
705 418 104
905 155 544
242 424 886
780 824 390
916 504 679
516 599 992
272 782 227
554 396 496
19 791 295
343 75 752
233 780 889
337 686 46
881 647 189
769 428 14
878 64 238
558 581 837
270 572 620
216 127 17
713 146 527
727 208 603
200 441 103
90 779 509
136 380 157
326 150 586
340 747 650
578 26 950
416 296 523
755 513 651
492 945 797
20 673 725
342 873 167
446 964 665
955 101 765
113 146 634
418 487 383
70 784 409
739 920 424
264 395 937
915 887 602
432 908 277
158 969 869
45 416 834
429 372 655
195 205 520
830 623 726
214 412 512
342 153 152
766 417 547
424 52 436
27 484 64
23 643 34
893 407 451
447 836 542
821 33 747
343 863 372
70 796 784
301 139 656
453 905 74
720 49 126
157 77 330
221 818 692
973 431 100
425 879 936
687 420 688
435 763 271
526 553 68
31 573 925
687 28 551
481 748 600
607 624 396
937 564 216
349 538 366
449 683 964
106 371 386
794 806 868
785 334 422
572 365 996
499 771 743
51 253 211
370 861 554
767 518 119
702 868 657
69 37 341
35 143 712
140 657 239
9 162 292
151 734 657
866 234 429
610 4 402
540 94 264
95 580 501
932 283 89
590 71 127
651 824 988
83 964 365
322 693 527
333 844 263
990 711 216
140 41 939
542 300 34
525 114 614
745 47 897
835 356 687
681 8 232
389 810 197
755 851 609
283 186 454
265 895 884
482 36 644
422 297 663
456 541 777
789 7 824
406 561 182
94 243 908
326 632 719
243 107 572
852 110 758
27 375 654
630 576 410
994 717 426
658 892 687
156 682 694
980 89 256
881 902 218
510 947 569
230 191 677
521 763 787
280 509 881
654 858 178
783 853 895
210 232 789
616 388 472
311 88 281
286 689 184
504 200 132
75 430 43
471 952 525
977 951 753
578 606 612
756 109 186
653 320 418
443 936 525
634 967 613
634 254 303
818 478 503
670 272 653
713 462 325
957 440 277
711 19 603
43 776 712
229 430 751
647 592 408
891 945 376
506 581 349
528 119 546
751 789 818
405 222 281
449 180 440
726 610 460
49 654 955
762 883 105
233 251 416
641 143 362
736 368 662
805 616 782
352 368 291
890 492 514
890 941 413
51 387 743
511 437 398
186 918 1
10 152 252
426 513 115
507 250 202
171 774 818
672 846 905
682 737 117
915 347 59
330 398 166
74 628 603
191 814 241
192 543 112
164 969 625
279 478 595
481 368 370
20 759 217
925 442 673
44 359 22
821 408 420
706 201 50
29 392 583
270 303 128
383 467 816
727 465 14
323 666 101
694 686 860
630 331 23
305 94 382
327 916 509
466 623 710
235 372 821
538 642 843
666 744 312
202 473 777
217 796 444
318 210 849
898 841 182
921 147 276
23 193 911
532 659 255
961 895 627
502 434 988
346 819 734
377 22 208
156 957 5
319 277 216
170 894 776
352 816 923
347 558 117
978 809 495
952 490 110
580 992 263
569 58 83
23 436 824
231 311 501
955 630 497
890 519 392
667 871 209
310 938 486
146 917 296
641 870 786
752 170 779
16 458 557
818 482 712
362 432 24
863 388 373
362 279 893
754 665 484
683 975 423
170 122 60
467 483 649
972 954 538
472 689 997
30 508 199
742 589 631
485 454 21
858 535 19
752 9 404
238 411 380
661 582 222
441 768 705
91 741 379
630 932 69
347 962 297
546 424 886
178 909 60
917 769 595
656 522 324
61 479 735
160 142 37
382 302 805
806 393 267
186 742 200
974 808 882
272 355 307
159 253 936
938 889 706
253 265 947
577 45 428
314 206 289
351 307 591
876 833 703
862 738 166
63 713 974
664 985 50
691 864 22
628 803 911
54 57 896
2 354 941
149 668 866
438 738 893
748 615 727
453 478 185
338 261 899
313 644 604
82 336 469
104 964 991
735 19 768
632 740 123
293 889 510
161 329 249
773 796 584
220 250 781
405 307 43
24 340 688
629 422 743
817 246 709
529 981 447
298 333 188
140 626 79
650 506 127
899 998 923
203 219 893
985 625 201
29 649 260
436 997 683
181 535 929
609 65 630
57 82 963
964 222 309
762 872 535
608 491 534
532 695 473
145 400 99
66 429 467
326 585 185
728 485 720
658 813 785
289 870 586
971 554 808
282 317 400
536 925 891
789 178 306
263 42 706
362 108 855
549 154 160
453 882 645
174 261 459
678 269 49
265 242 604
74 243 921
193 779 567
85 569 745
111 833 787
536 914 615
392 183 769
271 636 371
916 810 632
95 208 621
863 192 863
468 984 107
109 178 605
395 982 175
141 94 727
648 630 643
264 742 545
34 14 183
124 650 712
476 464 640
98 328 832
961 515 818
787 625 996
393 21 979
287 881 792
16 530 424
378 794 885
642 547 618
825 390 269
258 866 734
898 964 63
731 645 579
550 433 923
267 545 663
247 552 264
759 568 794
184 665 308
788 308 574
407 853 965
677 112 832
131 11 517
912 461 163
492 731 316
135 998 580
518 964 133
782 724 420
297 627 804
605 416 832
181 824 686
865 221 517
417 352 528
934 265 708
817 477 440
852 331 439
433 849 405
286 352 848
706 649 477
231 973 893
64 873 437
750 739 377
986 158 448
234 811 433
942 629 629
384 201 960
542 635 530
947 640 601
516 66 251
993 297 943
606 361 537
763 830 277
141 817 154
309 52 685
742 714 315
372 99 236
52 641 590
582 309 231
184 825 297
154 538 595
817 145 675
355 627 226
351 769 762
225 797 534
910 540 249
944 631 67
181 683 708
771 267 736
3 170 281
20 44 819
615 861 684
10 935 312
236 287 800
0 512 598
534 423 139
502 88 770
569 269 455
278 42 441
734 763 330
16 783 374
555 399 954
240 129 890
552 365 179
73 84 410
671 618 553
530 121 641
301 409 910
475 407 671
635 142 436
685 876 220
60 432 339
734 391 468
344 663 552
523 736 637
653 408 974
207 938 815
567 959 225
478 154 632
151 509 493
306 195 371
526 973 522
584 708 914
53 54 578
325 296 315
681 668 442
656 875 101
191 162 779
136 641 933
487 511 162
981 536 357
72 63 332
594 367 41
509 420 813
806 464 829
122 146 498
284 522 94
385 713 256
883 849 616
536 338 846
699 39 383
57 111 447
389 705 814
150 934 953
682 741 138
512 864 284
12 867 806
824 971 240
81 855 90
698 392 147
545 810 186
929 868 16
96 976 722
629 845 657
302 529 399
440 760 982
444 491 569
251 316 541
210 117 116
301 534 228
167 80 39
73 728 907
89 543 885
530 891 450
906 913 979
26 73 741
9 517 233
579 488 269
839 698 386
956 718 920
185 605 719
224 678 168
851 486 430
456 18 42
906 924 955
887 950 747
348 679 984
300 977 192
569 817 609
674 493 329
314 397 653
35 622 332
921 193 537
352 649 555
394 556 200
69 163 151
817 511 549
802 812 527
994 101 65
604 495 277
652 809 675
306 563 17
357 485 210
895 838 859
170 951 135
370 22 299
241 558 810
509 80 342
38 75 163
821 398 658
817 770 187
212 795 751
229 154 237
158 768 794
736 938 747
872 29 488
890 270 765
420 779 845
763 536 920
645 77 38
23 895 808
210 826 605
961 57 478
200 933 247
994 671 904
461 263 933
668 154 204
434 574 703
280 57 958
919 421 37
958 444 651
486 655 478
810 617 254
289 817 189
255 532 579
161 993 561
813 663 715
19 816 9
441 98 785
400 18 207
156 695 652
807 901 27
6 712 644
260 721 182
168 695 433
466 856 427
28 390 809
462 128 627
472 569 444
976 969 462
902 845 877
555 653 779
301 378 211
946 639 932
847 526 629
281 993 205
427 22 595
238 485 723
584 676 12
29 653 701
210 556 547
88 831 201
586 133 580
798 798 938
731 646 184
80 927 178
5 356 919
319 313 405
44 616 800
774 364 454
476 574 729
24 382 280
944 968 414
244 486 931
183 937 579
86 18 226
265 741 582
185 62 614
309 824 231
110 599 595
283 77 171
731 101 272
13 764 959
146 9 447
78 192 385
376 997 122
603 263 864
904 167 926
520 476 751
751 305 351
67 307 147
956 39 249
229 52 14
189 916 24
355 714 934
740 91 932
582 413 914
447 319 82
374 558 277
126 310 301
196 96 608
344 53 367
312 282 138
45 191 56
787 546 770
442 7 580
375 589 994
10 755 33
810 130 591
807 974 620
109 889 717
437 234 770
804 265 772
942 311 682
717 99 947
207 541 673
788 636 263
502 646 737
254 176 867
845 983 561
185 812 452
621 968 405
393 773 671
884 435 982
567 154 82
515 361 624
190 868 261
172 371 626
910 625 802
497 190 506
778 95 38
231 716 7
636 828 499
27 713 934
10 0 807
811 516 888
436 425 757
416 316 848
761 945 193
283 444 384
789 223 479
546 173 196
553 528 26
53 556 458
707 285 459
515 97 694
404 533 838
163 668 155
730 149 820
923 433 983
308 941 925
506 489 99
422 761 346
167 815 902
625 523 189
803 757 286
217 163 539
56 45 926
930 775 795
751 699 229
735 727 889
380 234 98
479 656 860
544 823 395
167 169 637
356 972 395
361 191 558
619 965 322
266 896 98
62 367 798
10 821 526
618 202 479
717 400 137
297 945 679
692 113 567
49 188 541
444 268 451
4 607 417
326 873 34
144 654 401
661 664 942
188 283 145
386 719 265
242 735 929
922 428 761
209 477 949
750 641 936
920 645 544
58 690 137
92 553 510
212 215 175
873 122 178
738 509 616
4 751 353
933 393 500
695 603 978
364 73 339
20 994 703
284 771 394
140 863 948
651 794 882
826 669 6
723 408 515
341 131 267
694 783 380
195 479 983
892 562 775
232 582 770
935 585 542
50 726 125
717 378 639
600 923 28
606 648 155
122 989 286
109 403 70
208 598 268
192 211 549
967 443 850
458 99 437
719 149 164
564 585 542
204 186 466
232 512 833
387 353 542
392 462 945
181 389 545
168 581 756
717 269 918
568 446 18
724 166 885
888 449 471
150 653 377
336 604 889
170 991 243
713 103 425
378 284 814
923 452 116
399 888 104
38 177 269
774 901 154
661 791 604
851 660 258
947 996 863
837 168 574
800 600 678
944 978 681
478 622 853
313 740 461
417 497 638
405 273 541
560 653 52
165 224 712
423 173 710
6 729 597
581 530 198
978 194 895
379 673 237
951 986 978
414 124 476
53 529 468
594 90 122
646 973 347
360 398 239
789 123 968
387 423 219
304 402 413
918 501 805
157 453 793
854 867 636
50 921 884
519 235 694
360 882 668
426 961 67
665 751 909
635 139 333
854 162 455
986 81 956
793 238 410
306 93 997
942 144 919
827 382 155
522 742 756
910 170 437
696 554 189
606 190 47
940 763 927
396 751 10
72 264 966
482 570 779
480 232 642
119 778 25
993 21 486
469 931 656
907 628 212
815 236 121
582 895 604
510 292 75
239 83 339
207 565 909
986 765 142
348 603 920
373 597 660
859 786 592
236 694 222
167 229 458
7 811 354
611 42 365
686 281 448
26 207 732
654 912 217
515 261 821
156 353 138
816 932 924
410 169 619
632 55 849
809 62 380
882 674 422
248 80 704
415 825 630
148 480 544
366 996 805
906 871 160
45 688 93
970 817 980
309 169 36
877 978 816
259 861 210
400 828 291
823 244 117
455 112 316
0 197 32
524 104 903
684 149 312
496 838 848
477 149 19
232 745 997
768 723 579
978 125 127
988 948 372
824 404 203
142 123 400
892 648 504
797 333 372
828 549 930
677 745 798
696 978 544
414 466 269
712 445 394
839 154 62
930 978 186
134 839 309
253 733 957
476 250 11
849 797 279
499 475 25
298 891 4
842 25 189
830 737 635
943 577 508
7 228 206
193 81 47
502 335 499
180 811 468
909 380 266
189 879 741
214 178 352
937 740 377
127 290 115
481 235 412
989 242 359
915 435 440
962 656 775
181 555 307
649 465 406
915 373 287
376 588 184
729 526 643
825 372 934
941 854 170
73 563 412
432 479 566
872 161 941
368 342 498
675 991 682
82 626 57
88 4 645
991 452 890
635 278 263
289 938 836
459 12 120
590 444 599
875 37 480
818 124 822
317 799 534
718 600 161
775 408 883
421 400 55
31 754 334
14 45 991
569 223 5
689 533 168
9 409 923
489 228 48
312 264 566
565 983 886
446 478 295
49 619 414
105 650 887
158 383 651
150 953 875
873 643 409
43 652 537
966 860 485
734 892 468
301 458 171
188 623 650
202 673 270
616 497 639
505 655 24
875 524 696
751 399 59
879 161 431
137 846 292
622 581 185
91 883 363
263 72 986
632 993 660
902 610 158
261 834 813
4 711 58
700 182 457
479 781 618
910 637 465
203 260 766
108 70 650
471 52 441
458 684 435
120 306 765
996 287 319
530 291 31
588 711 932
46 191 433
383 102 71
848 24 50
334 132 120
984 603 173
146 63 576
300 901 883
66 898 171
386 429 181
136 18 892
787 782 84
221 166 904
292 734 929
342 69 780
182 773 385
74 919 448
650 220 69
253 6 967
143 111 398
325 247 135
218 754 918
22 975 85
645 987 538
294 49 608
76 231 382
461 305 21
628 675 959
697 928 965
384 73 77
782 398 44
637 335 798
556 76 493
360 441 200
618 735 250
227 811 200
328 991 225
349 339 900
309 755 829
276 141 621
72 642 20
834 280 75
352 555 869
565 635 311
765 254 48
734 200 578
935 528 290
161 877 629
780 905 105
610 182 246
233 973 888
971 527 888
765 880 163
636 446 798
947 930 771
714 666 971
294 602 500
303 482 97
651 263 4
756 592 904
3 544 597
611 236 126
219 2 725
382 638 172
900 306 821
672 21 488
364 34 809
583 337 292
681 989 274
404 746 586
309 469 131
626 81 367
752 19 89
478 401 446
369 21 752
191 413 774
399 777 808
209 361 865
221 761 855
495 166 602
82 195 790
932 821 590
19 293 609
826 771 730
274 859 751
27 51 165
520 450 942
49 379 24
914 600 785
770 814 671
92 616 866
883 268 407
474 287 700
85 115 472
534 108 332
286 135 102
452 375 272
114 424 651
138 58 970
924 828 785
596 639 121
182 242 389
589 717 677
9 521 511
481 56 619
532 61 473
634 513 848
625 347 991
277 485 50
966 129 597
472 444 956
593 626 199
983 934 635
380 943 875
891 144 650
230 676 712
703 31 944
272 375 292
982 372 778
752 339 626
350 811 72
26 406 417
226 109 353
861 489 16
457 100 161
108 330 556
539 752 306
485 743 682
496 727 55
275 480 394
621 549 925
693 576 332
111 521 160
464 102 649
200 559 749
361 668 798
917 208 551
225 412 296
626 909 742
681 903 941
794 525 210
720 219 786
771 50 308
931 233 411
581 433 689
50 794 77
848 432 286
120 376 417
135 3 46
877 684 950
538 479 195
748 919 134
255 691 184
282 624 417
412 924 851
103 694 365
180 543 797
185 382 174
603 517 177
649 114 580
319 652 779
515 121 699
649 376 391
552 658 734
969 72 379
540 175 74
625 74 617
423 260 719
317 582 237
213 950 352
794 271 723
293 505 844
992 873 221
103 426 599
838 115 671
218 656 565
292 282 639
628 424 899
67 460 482
305 674 434
376 188 424
818 481 929
664 474 803
604 296 948
204 135 64
594 72 439
160 83 440
800 431 865
419 498 326
902 522 719
56 898 907
480 718 108
129 102 301
651 706 598
600 630 452
664 225 525
105 386 608
545 905 758
130 325 258
176 946 780
895 3 399
523 202 836
631 50 938
652 701 364
251 302 994
703 967 221
947 791 326
276 56 232
35 187 557
12 82 224
512 696 227
911 220 149
748 571 199
687 224 620
770 194 922
766 616 609
706 565 401
33 841 177
983 595 83
260 608 165
484 121 861
431 751 801
580 500 373
498 906 316
119 677 229
43 163 845
371 869 130
492 621 690
669 605 287
752 866 614
636 70 735
498 501 206
300 82 706
392 300 332
708 419 728
656 181 892
503 553 481
633 764 104
325 434 428
331 905 14
945 542 85
400 759 586
606 61 388
32 172 688
83 600 826
811 257 9
704 760 281
905 114 46
10 158 199
157 489 105
172 154 366
975 273 126
281 879 905
669 630 79
358 713 679
904 525 655
913 949 136
913 855 250
959 584 127
877 460 335
982 351 489
349 327 481
194 609 361
101 997 710
898 76 424
578 980 668
952 894 618
89 527 193
58 487 777
185 365 957
239 67 309
728 135 637
928 329 965
290 149 682
719 48 758
144 345 739
813 299 353
151 388 880
345 447 87
841 351 171
799 591 238
110 39 92
466 968 141
432 977 290
115 698 339
593 842 684
333 375 983
406 527 373
287 872 539
94 433 890
265 234 482
223 344 522
34 810 491
175 961 469
466 795 886
805 108 730
209 161 824
194 567 352
286 573 943
825 667 378
435 652 331
918 594 675
160 628 205
370 804 885
558 271 400
446 795 509
895 5 670
720 199 238
792 204 530
455 30 917
552 185 570
883 822 165
278 982 793
202 72 317
88 630 588
489 795 384
717 691 390
388 132 308
345 643 513
594 99 262
512 652 166
801 255 988
966 534 690
480 736 762
797 544 113
106 752 908
209 470 320
318 577 452
346 641 96
859 236 913
840 749 285
8 551 541
715 238 794
407 437 250
170 953 794
2 778 266
911 988 736
950 307 33
122 653 674
218 232 630
850 792 99
137 800 369
397 516 607
910 642 763
879 532 718
394 534 497
660 165 205
117 116 232
150 238 885
825 175 837
456 745 630
274 601 150
643 998 385
970 628 29
734 508 280
172 902 814
389 283 980
594 400 815
826 550 773
432 95 948
270 270 413
619 544 15
488 189 732
592 160 361
621 613 589
620 786 211
436 176 494
136 770 894
670 598 165
444 31 260
113 20 531
526 358 794
542 846 983
275 439 862
356 780 477
945 401 264
157 556 159
371 692 929
984 364 247
150 527 996
130 640 735
380 168 94
175 429 940
878 704 100
460 61 880
937 725 1
920 602 558
80 973 969
729 677 53
695 828 581
693 677 222
429 58 109
243 951 538
902 830 244
3 292 24
602 948 750
323 870 72
881 669 46
570 399 723
624 96 271
206 508 948
428 656 725
257 899 678
795 522 228
758 525 239
783 847 189
253 171 778
325 771 167
90 342 567
532 966 382
523 173 609
472 321 266
917 578 885
315 374 408
543 852 652
783 355 219
691 608 390
189 652 162
356 461 224
642 993 191
743 236 84
353 428 124
339 346 702
225 661 795
352 923 367
723 707 722
943 118 331
53 307 702
934 664 882
159 307 596
350 52 832
153 124 261
277 463 607
698 407 987
214 478 912
581 203 339
305 865 458
355 918 484
777 853 867
660 731 894
257 801 665
91 954 789
352 951 972
679 650 99
386 583 578
299 166 500
358 190 85
816 545 4
20 323 577
888 984 309
783 960 111
168 52 785
957 124 737
649 522 107
749 908 691
328 927 857
547 286 48
632 821 312
355 560 355
651 449 59
961 951 20
791 120 791
577 797 915
34 447 157
142 915 784
833 962 431
410 510 717
177 861 258
208 218 538
563 869 987
622 550 659
362 62 498
154 639 15
788 674 182
945 535 98
449 369 62
881 498 572
318 675 154
296 602 372
834 167 960
541 508 231
201 870 293
419 25 932
434 532 326
616 197 580
434 647 668
496 248 167
787 566 561
941 581 165
314 416 51
994 958 559
226 878 431
519 17 175
171 452 708
217 787 905
797 222 272
467 437 520
353 226 88
634 168 388
799 202 805
850 197 483
129 142 81
279 380 99
455 551 270
882 487 776
788 5 0
62 472 437
301 544 382
108 179 551
497 697 753
303 267 669
505 397 530
586 676 910
685 850 181
955 733 669
452 523 393
452 304 865
608 605 129
710 714 309
262 930 7
734 234 275
123 458 391
653 45 68
283 731 919
464 406 372
852 858 895
246 30 918
830 358 244
960 69 677
988 50 608
714 503 561
989 626 20
381 998 783
169 282 234
807 465 641
180 319 219
795 284 968
433 116 46
677 795 833
355 784 602
682 499 106
962 209 451
982 309 450
767 197 732
2 5 198
362 904 236
301 700 521
988 134 356
35 531 870
587 605 374
190 289 592
15 252 801
466 954 830
916 441 28
368 162 752
285 525 657
522 545 77
762 534 929
837 288 461
708 594 786
83 503 794
675 518 765
197 984 720
746 620 880
493 707 44
246 992 288
622 234 833
418 715 87
68 553 375
529 262 688
35 64 192
829 459 710
596 375 414
36 122 753
917 615 461
961 581 173
250 922 408
802 61 124
889 129 397
265 377 659
953 413 443
864 961 902
575 558 278
708 595 119
462 513 453
642 194 753
815 444 396
942 247 457
786 137 305
184 121 682
562 793 814
6 658 777
627 952 336
624 661 650
743 842 164
198 485 358
670 20 521
67 963 487
524 469 624
829 653 464
232 934 976
47 941 635
543 288 307
599 913 968
250 657 811
134 574 297
211 246 37
733 313 1
939 557 470
565 387 842
748 338 496
726 105 157
81 648 446
389 248 360
358 218 736
889 71 312
905 282 277
942 734 309
662 675 866
851 959 973
694 708 312
192 154 417
68 954 785
514 344 752
874 421 689
331 311 760
362 936 44
639 879 497
948 543 173
535 114 851
509 528 280
540 720 434
677 507 389
463 23 452
934 616 874
625 947 904
386 29 841
149 668 441
366 337 703
258 872 817
111 101 346
391 641 785
544 319 294
653 501 36
106 437 652
699 781 320
324 886 349
166 755 737
326 122 793
748 380 385
567 491 486
632 601 128
138 147 167
151 519 668
187 625 824
839 45 606
160 369 494
229 254 250
966 581 91
760 330 471
146 616 682
632 968 284
479 107 150
365 976 669
35 164 296
578 4 341
186 883 710
399 113 683
368 798 265
459 559 315
649 424 650
332 775 338
617 255 445
767 621 422
438 375 305
453 953 29
513 858 912
942 258 744
626 345 543
892 804 821
926 455 246
296 787 22
635 124 995
799 892 336
941 50 430
247 503 104
276 17 962
907 959 940
652 305 286
914 198 92
455 843 266
420 141 772
442 495 897
158 295 509
213 237 278
644 485 500
748 761 517
430 389 196
371 42 501
658 676 419
750 132 981
735 553 841
508 714 337
125 591 633
353 805 870
631 169 75
132 917 556
368 67 945
564 439 706
785 98 383
923 567 235
905 303 788
467 530 503
804 656 96
438 10 620
29 642 789
822 493 426
98 862 493
44 146 932
470 931 31
853 574 317
89 200 620
596 667 152
819 472 527
634 630 537
255 378 898
763 919 393
190 19 256
402 781 121
336 252 54
86 825 347
404 633 547
743 231 933
614 51 407
142 685 756
680 659 853
579 423 773
691 332 792
666 734 294
788 789 546
561 876 91
908 0 725
176 462 675
110 78 445
236 220 849
992 619 509
846 918 651
340 610 983
851 278 718
146 67 509
412 628 105
503 256 823
947 432 286
623 543 364
787 498 304
637 492 923
865 58 842
517 117 454
220 969 451
658 116 518
886 528 865
710 751 122
534 699 274
539 43 817
623 830 316
927 188 527
851 772 305
414 10 422
587 230 392
39 607 228
276 494 475
142 205 227
982 458 646
257 998 689
793 622 239
829 269 146
76 839 919
381 254 929
523 841 878
634 599 487
862 875 981
58 736 906
285 439 365
931 696 364
340 210 705
299 40 974
164 834 815
84 935 70
732 459 631
612 812 231
818 395 826
519 453 563
426 738 3
792 390 419
875 449 629
582 467 388
557 632 223
92 435 159
163 169 337
513 500 151
463 38 546
290 557 0
573 984 457
295 496 566
714 372 735
63 673 203
451 950 835
394 43 990
553 924 878
891 157 379
43 621 417
308 911 974
308 485 678
484 781 175
52 215 267
787 997 659
709 449 329
546 843 92
256 117 17
135 9 175
233 770 515
650 79 427
344 106 632
742 590 133
636 361 67
622 149 65
283 859 234
612 125 78
704 381 913
441 235 641
335 468 412
850 837 210
996 900 316
629 643 626
481 281 987
549 622 856
614 905 435
848 238 279
646 661 379
279 821 614
921 157 83
334 726 920
545 724 821
580 73 185
207 274 185
914 823 807
771 157 433
925 725 390
205 91 52
584 370 874
199 292 750
1 346 197
640 610 921
181 191 713
366 118 987
270 33 530
79 523 407
231 449 133
621 373 942
392 957 313
985 875 325
737 595 671
653 236 282
575 417 473
8 503 310
715 773 62
246 571 585
372 802 753
505 143 127
167 536 803
200 522 398
525 978 993
197 632 948
479 926 367
671 654 870
701 370 363
763 335 935
350 708 738
822 932 882
669 101 138
473 301 379
872 826 78
585 742 710
535 940 357
621 331 12
492 33 101
574 797 436
510 866 863
968 689 797
851 359 617
708 552 637
88 144 183
166 729 925
596 983 585
672 605 916
403 816 950
504 392 467
659 902 53
524 590 461
41 442 821
658 869 93
296 958 237
198 843 685
124 159 389
709 831 994
345 235 531
15 458 642
482 119 264
535 643 855
997 403 17
538 62 887
350 77 565
306 275 409
710 118 569
100 546 120
814 891 356
65 907 814
707 109 652
971 364 15
827 81 418
845 338 199
733 688 994
299 713 988
427 424 107
715 525 372
836 59 265
193 124 891
726 831 1
380 803 84
395 351 165
533 197 503
732 930 910
728 948 624
717 95 50
544 811 294
916 648 353
900 560 196
511 6 746
232 386 550
316 501 620
482 35 817
704 486 467
616 215 135
241 652 231
291 197 43
585 832 691
657 453 970
572 964 976
319 197 83
870 514 584
491 715 338
29 420 824
496 37 759
632 279 412
863 570 328
625 875 879
36 252 333
7 825 299
983 145 215
785 734 729
370 945 445
427 974 585
253 190 622
13 541 901
144 124 192
472 749 786
352 785 757
405 511 583
704 215 448
638 1 901
369 91 847
533 518 541
837 490 451
461 503 992
82 647 836
274 838 305
779 910 810
538 316 322
840 739 537
289 378 258
192 466 349
758 719 586
20 557 78
471 19 300
183 102 667
20 95 506
326 875 417
137 133 452
178 973 192
435 264 571
693 175 38
761 652 476
348 672 35
426 144 54
446 328 874
114 67 970
339 112 565
476 967 698
928 147 672
122 582 655
412 994 830
169 756 203
646 105 875
681 251 739
454 697 68
330 530 853
301 869 966
866 346 934
565 994 800
956 117 383
613 248 378
163 417 853
366 64 678
243 464 929
982 919 346
769 250 595
342 270 184
309 855 250
963 140 245
764 97 81
867 710 329
964 874 746
819 959 530
217 921 994
865 623 914
212 393 883
526 455 154
710 483 10
960 447 150
206 931 248
287 518 677
335 202 271
801 740 232
51 957 872
46 823 497
680 754 609
564 281 65
438 992 549
448 672 715
318 598 647
285 885 884
681 940 88
953 742 828
904 793 506
